   < Pt >  78.0       2.894912     2 2 0  T T     279  0.030
     68.0  10.0       0.000000      -0.804163       0.000000
  -22661.783792      -3.799765       0.000000       3.270000
   41828.266249  -77943.080000    -694.425912  -36809.239663
--------- END OF GENERAL DATA ----------
    6.70135718    0.41046396    0.00000000    0.01035915    0
    6.36969346    0.47503807    0.00000000    0.01011218    0
    5.87685474    4.11451428    0.00000000    0.11166397    0
    6.70135692    0.41046499    0.00000000    0.01035892    0
    6.36969421    0.47503802    0.00000000    0.01011214    0
    5.87685261    4.11448107    0.00000000    0.11166080    0
--------- END OF START DATA ------------
   -0.61562763   -0.53227169    0.38738801    0.42714154    4.05872919
   -0.41008665    0.59687759    0.39809921    0.11862092    6.34956266
   -0.35299093   -0.32550976    0.15081370    0.01094212    1.14028448
   -0.61562763   -0.53227125    0.38738807    0.42714156    4.05873109
   -0.41008493    0.59687784    0.39809920    0.11862091    6.34956116
   -0.35299218   -0.32550836    0.15081381    0.01094225    1.14028682
--------- END OF POT PARAMETERS --------
