 CONTINUED FRACTION COEFFICIENTS A(I),B2(I),I=1, 22
 -0.1163439194E+00  0.1000000000E+01
 -0.2576530998E+00  0.1947654852E+00
  0.6701459683E-01  0.8463644060E-01
 -0.2298360575E+00  0.2374502783E+00
 -0.7465745387E-01  0.1377479916E+00
 -0.6193879700E-01  0.1850463487E+00
 -0.1064298885E+00  0.1658652838E+00
 -0.1194146904E+00  0.1857039968E+00
 -0.2426855662E-01  0.1750711211E+00
 -0.1381375204E+00  0.1688319020E+00
 -0.6979978621E-01  0.1855952696E+00
 -0.7037568391E-01  0.1741832502E+00
 -0.1096178061E+00  0.1726517879E+00
 -0.7796291014E-01  0.1901625358E+00
 -0.6491460696E-01  0.1641063702E+00
 -0.1121637020E+00  0.1848682832E+00
 -0.7334836035E-01  0.1837999405E+00
 -0.7232716488E-01  0.1637439529E+00
 -0.1012555761E+00  0.1929637515E+00
 -0.8168173507E-01  0.1693410652E+00
 -0.7142496669E-01  0.1825117322E+00
  0.0000000000E+00  0.1755692076E+00
 CONTINUED FRACTION COEFFICIENTS A(I),B2(I),I=1, 22
  0.4334073024E+00  0.1000000000E+01
 -0.2061039416E+00  0.1115423750E+00
  0.1213007866E+00  0.1172258921E+00
 -0.1173461216E+00  0.1806740731E+00
 -0.6703078301E-01  0.1442244178E+00
 -0.3919126278E-01  0.1809732837E+00
 -0.1049777173E+00  0.1916721649E+00
 -0.7348380635E-01  0.1484091749E+00
 -0.3971042249E-01  0.2000081078E+00
 -0.1390629921E+00  0.1674423337E+00
 -0.5308572417E-01  0.1680333201E+00
 -0.6441810605E-01  0.1884443718E+00
 -0.1049607814E+00  0.1777568187E+00
 -0.8339421844E-01  0.1643102492E+00
 -0.5280036600E-01  0.1945461401E+00
 -0.1095552760E+00  0.1732676582E+00
 -0.8299179853E-01  0.1649199432E+00
 -0.5367714891E-01  0.1996249010E+00
 -0.1237911156E+00  0.1631628061E+00
 -0.5241773875E-01  0.1770592678E+00
 -0.8008153068E-01  0.1937243024E+00
  0.0000000000E+00  0.1607556770E+00
 CONTINUED FRACTION COEFFICIENTS A(I),B2(I),I=1, 22
  0.3248368012E+00  0.1000000000E+01
 -0.1194121663E+00  0.1351174824E+00
  0.7970494527E-01  0.1280933207E+00
 -0.1141756896E+00  0.1528327403E+00
 -0.2091303252E-01  0.1757597403E+00
 -0.1003526200E+00  0.1561806021E+00
 -0.5864223745E-01  0.1982507824E+00
 -0.7818315581E-01  0.1584210752E+00
 -0.6742953304E-01  0.1854971072E+00
 -0.9728821980E-01  0.1716945479E+00
 -0.6915360332E-01  0.1826459031E+00
 -0.9167460562E-01  0.1659257545E+00
 -0.5723533032E-01  0.1903783134E+00
 -0.1050686554E+00  0.1714587695E+00
 -0.7652003112E-01  0.1759464268E+00
 -0.6002719762E-01  0.1849270358E+00
 -0.1146738454E+00  0.1709563782E+00
 -0.6097571152E-01  0.1808371017E+00
 -0.8651928227E-01  0.1782507915E+00
 -0.8793554757E-01  0.1756434777E+00
 -0.7058574271E-01  0.1832803160E+00
  0.0000000000E+00  0.1729268120E+00
 CONTINUED FRACTION COEFFICIENTS A(I),B2(I),I=1, 22
  0.2162663000E+00  0.1000000000E+01
 -0.8747137547E-01  0.1351174824E+00
  0.9147918122E-01  0.1334868680E+00
 -0.1348983196E+00  0.1501802427E+00
 -0.4335544688E-02  0.1747980528E+00
 -0.1146026679E+00  0.1550084606E+00
 -0.5180625931E-01  0.1979984759E+00
 -0.7791360084E-01  0.1581758457E+00
 -0.6665521706E-01  0.1878633078E+00
 -0.1028726478E+00  0.1683771556E+00
 -0.5608685852E-01  0.1863506402E+00
 -0.1068061029E+00  0.1647932172E+00
 -0.5306610795E-01  0.1863496978E+00
 -0.9521104969E-01  0.1761325687E+00
 -0.9052284999E-01  0.1754372545E+00
 -0.5221317617E-01  0.1805148648E+00
 -0.1123394488E+00  0.1768600996E+00
 -0.6671607508E-01  0.1773568653E+00
 -0.8421049263E-01  0.1787268536E+00
 -0.8778565180E-01  0.1758479986E+00
 -0.6960976357E-01  0.1837459472E+00
  0.0000000000E+00  0.1723586251E+00
 CONTINUED FRACTION COEFFICIENTS A(I),B2(I),I=1, 22
 -0.2352965815E+00  0.1000000000E+01
 -0.1259516561E+00  0.4949985424E-01
  0.1086304821E+00  0.1446865862E+00
 -0.1010050246E-01  0.1284184825E+00
 -0.3347952034E-01  0.1168131376E+00
 -0.1627694627E-01  0.1431896341E+00
 -0.4767345529E-01  0.1711877170E+00
 -0.1221332365E+00  0.1635415519E+00
 -0.3263318529E-01  0.1756756018E+00
 -0.9176053088E-01  0.1625858623E+00
 -0.5353974168E-01  0.1733550707E+00
 -0.7590268521E-01  0.1765023740E+00
 -0.1222356629E+00  0.1739431291E+00
 -0.3736530141E-01  0.1666431051E+00
 -0.6324437318E-01  0.1886752879E+00
 -0.1383722137E+00  0.1630606502E+00
 -0.3812080590E-01  0.1787353152E+00
 -0.8750351973E-01  0.1816978557E+00
 -0.8529433344E-01  0.1713306337E+00
 -0.7862629226E-01  0.1748084959E+00
 -0.8934758120E-01  0.1826143123E+00
  0.0000000000E+00  0.1756637014E+00
 CONTINUED FRACTION COEFFICIENTS A(I),B2(I),I=1, 22
 -0.2495121566E+00  0.1000000000E+01
 -0.1108176319E+00  0.5929281287E-01
  0.1264470576E+00  0.1294525079E+00
 -0.4845975348E-01  0.1332447046E+00
 -0.2118376768E-01  0.1203734042E+00
 -0.1082213309E-01  0.1448555539E+00
 -0.7555042862E-01  0.1783913251E+00
 -0.9217381510E-01  0.1498248204E+00
 -0.4615137674E-01  0.1871086844E+00
 -0.8965313416E-01  0.1614820359E+00
 -0.5952031205E-01  0.1744754286E+00
 -0.7046052508E-01  0.1677398328E+00
 -0.1137564816E+00  0.1859804528E+00
 -0.4683974188E-01  0.1635839008E+00
 -0.7144510542E-01  0.1815865970E+00
 -0.1128534466E+00  0.1728596926E+00
 -0.5353890528E-01  0.1746246696E+00
 -0.9547208373E-01  0.1824214964E+00
 -0.6553520546E-01  0.1715882406E+00
 -0.9293066085E-01  0.1731732325E+00
 -0.8318867244E-01  0.1873476558E+00
  0.0000000000E+00  0.1695373004E+00
 CONTINUED FRACTION COEFFICIENTS A(I),B2(I),I=1, 22
 -0.2875070078E+00  0.1000000000E+01
 -0.1242057943E+00  0.4448392102E-01
  0.1095524052E+00  0.1492037081E+00
 -0.6665364456E-01  0.1084039510E+00
 -0.8776550463E-03  0.1194157020E+00
 -0.1033439028E-01  0.1339639428E+00
 -0.8241593001E-01  0.1594882956E+00
 -0.1135104994E+00  0.1733817603E+00
 -0.2688638030E-01  0.1659085006E+00
 -0.1102499880E+00  0.1724961804E+00
 -0.4042203522E-01  0.1566019997E+00
 -0.7429063219E-01  0.1896183706E+00
 -0.1388560314E+00  0.1743483032E+00
 -0.3333369948E-01  0.1527638785E+00
 -0.5491072428E-01  0.2018050462E+00
 -0.1512917647E+00  0.1583415515E+00
 -0.3666167969E-01  0.1749235474E+00
 -0.8338021972E-01  0.1899341693E+00
 -0.8876168020E-01  0.1614788447E+00
 -0.7621182510E-01  0.1825864605E+00
 -0.9109377682E-01  0.1811936248E+00
  0.0000000000E+00  0.1700367501E+00
 CONTINUED FRACTION COEFFICIENTS A(I),B2(I),I=1, 22
 -0.2937961576E+00  0.1000000000E+01
 -0.8323277339E-01  0.6027334924E-01
  0.8438798746E-01  0.1114150274E+00
 -0.4545460291E-01  0.1346401758E+00
  0.5670250302E-01  0.1501534940E+00
 -0.7875851139E-01  0.1239818147E+00
 -0.7006435347E-01  0.1769469664E+00
 -0.5326290013E-01  0.1573173427E+00
 -0.6657291055E-01  0.1866139777E+00
 -0.1038766935E+00  0.1637640323E+00
 -0.3560813992E-01  0.1628568758E+00
 -0.8920892672E-01  0.1804428751E+00
 -0.9771526973E-01  0.1813174799E+00
 -0.5503105889E-01  0.1614908055E+00
 -0.8174426941E-01  0.1870993002E+00
 -0.8814712682E-01  0.1650472305E+00
 -0.7499151489E-01  0.1858912515E+00
 -0.8698511181E-01  0.1744310709E+00
 -0.6221605427E-01  0.1715067831E+00
 -0.1047626029E+00  0.1803989308E+00
 -0.6229966678E-01  0.1776677637E+00
  0.0000000000E+00  0.1783799267E+00
 CONTINUED FRACTION COEFFICIENTS A(I),B2(I),I=1, 22
 -0.3238645835E+00  0.1000000000E+01
 -0.7294355195E-01  0.5146092698E-01
  0.7364057631E-01  0.1289711306E+00
 -0.8144101014E-01  0.1174877098E+00
  0.4704211824E-01  0.1297135317E+00
 -0.4444995177E-01  0.1333758349E+00
 -0.8235096733E-01  0.1722254004E+00
 -0.6901440891E-01  0.1639706060E+00
 -0.5734385063E-01  0.1763254409E+00
 -0.1014163130E+00  0.1697559076E+00
 -0.2802881607E-01  0.1603463024E+00
 -0.1051376748E+00  0.1846368265E+00
 -0.9001120167E-01  0.1766357510E+00
 -0.6425255719E-01  0.1591973814E+00
 -0.6055723479E-01  0.1931340388E+00
 -0.1134948655E+00  0.1634967245E+00
 -0.6351053715E-01  0.1819953526E+00
 -0.8272110928E-01  0.1773707754E+00
 -0.7196516946E-01  0.1707143094E+00
 -0.9506859391E-01  0.1821152632E+00
 -0.7363439682E-01  0.1751832178E+00
  0.0000000000E+00  0.1776301270E+00
