 CONTINUED FRACTION COEFFICIENTS A(I),B2(I),I=1, 22
 -0.1163449327E+00  0.1000000000E+01
 -0.2576548433E+00  0.1947654852E+00
  0.6701369176E-01  0.8463626444E-01
 -0.2298365649E+00  0.2374502518E+00
 -0.7465884646E-01  0.1377483285E+00
 -0.6194013890E-01  0.1850460288E+00
 -0.1064298574E+00  0.1658653712E+00
 -0.1194166442E+00  0.1857039292E+00
 -0.2426939432E-01  0.1750713734E+00
 -0.1381378653E+00  0.1688315301E+00
 -0.6980160235E-01  0.1855956425E+00
 -0.7037621857E-01  0.1741831092E+00
 -0.1096185204E+00  0.1726517742E+00
 -0.7796481483E-01  0.1901625755E+00
 -0.6491466060E-01  0.1641065325E+00
 -0.1121650458E+00  0.1848678675E+00
 -0.7334960974E-01  0.1838003788E+00
 -0.7232784656E-01  0.1637438028E+00
 -0.1012564575E+00  0.1929636595E+00
 -0.8168307005E-01  0.1693411855E+00
 -0.7142600024E-01  0.1825118148E+00
  0.0000000000E+00  0.1755689603E+00
 CONTINUED FRACTION COEFFICIENTS A(I),B2(I),I=1, 22
  0.2162642884E+00  0.1000000000E+01
 -0.8747247826E-01  0.1351174824E+00
  0.9147960082E-01  0.1334873032E+00
 -0.1348981698E+00  0.1501804954E+00
 -0.4336061330E-02  0.1747986059E+00
 -0.1146024004E+00  0.1550084714E+00
 -0.5180729543E-01  0.1979990890E+00
 -0.7791264044E-01  0.1581760422E+00
 -0.6665617340E-01  0.1878639300E+00
 -0.1028722318E+00  0.1683771604E+00
 -0.5608761715E-01  0.1863513278E+00
 -0.1068056335E+00  0.1647933869E+00
 -0.5306681222E-01  0.1863502145E+00
 -0.9521090665E-01  0.1761326685E+00
 -0.9052316261E-01  0.1754378132E+00
 -0.5221307732E-01  0.1805152920E+00
 -0.1123400217E+00  0.1768601366E+00
 -0.6671570110E-01  0.1773574771E+00
 -0.8421121054E-01  0.1787271658E+00
 -0.8778533299E-01  0.1758482063E+00
 -0.6961037981E-01  0.1837464643E+00
  0.0000000000E+00  0.1723588292E+00
 CONTINUED FRACTION COEFFICIENTS A(I),B2(I),I=1, 22
  0.3248347896E+00  0.1000000000E+01
 -0.1194132691E+00  0.1351174824E+00
  0.7970468164E-01  0.1280936617E+00
 -0.1141767701E+00  0.1528326600E+00
 -0.2091389315E-01  0.1757597699E+00
 -0.1003532594E+00  0.1561805732E+00
 -0.5864330655E-01  0.1982510397E+00
 -0.7818369750E-01  0.1584210724E+00
 -0.6743084119E-01  0.1854971233E+00
 -0.9728828483E-01  0.1716946471E+00
 -0.6915494094E-01  0.1826461069E+00
 -0.9167568125E-01  0.1659256800E+00
 -0.5723572524E-01  0.1903783021E+00
 -0.1050691584E+00  0.1714590836E+00
 -0.7652205965E-01  0.1759463424E+00
 -0.6002686463E-01  0.1849269705E+00
 -0.1146749376E+00  0.1709567561E+00
 -0.6097700768E-01  0.1808368727E+00
 -0.8651952023E-01  0.1782510146E+00
 -0.8793688393E-01  0.1756435070E+00
 -0.7058614731E-01  0.1832803193E+00
  0.0000000000E+00  0.1729270639E+00
 CONTINUED FRACTION COEFFICIENTS A(I),B2(I),I=1, 22
  0.4334052908E+00  0.1000000000E+01
 -0.2061057027E+00  0.1115423750E+00
  0.1212994795E+00  0.1172257779E+00
 -0.1173469248E+00  0.1806740039E+00
 -0.6703312003E-01  0.1442243139E+00
 -0.3919253007E-01  0.1809726288E+00
 -0.1049786607E+00  0.1916724562E+00
 -0.7348552659E-01  0.1484090233E+00
 -0.3971190243E-01  0.2000076377E+00
 -0.1390636702E+00  0.1674424750E+00
 -0.5308803156E-01  0.1680331474E+00
 -0.6441912671E-01  0.1884439334E+00
 -0.1049618410E+00  0.1777570458E+00
 -0.8339655070E-01  0.1643097409E+00
 -0.5280104043E-01  0.1945460137E+00
 -0.1095562650E+00  0.1732678933E+00
 -0.8299469825E-01  0.1649193642E+00
 -0.5367712170E-01  0.1996246407E+00
 -0.1237928265E+00  0.1631632579E+00
 -0.5242030082E-01  0.1770582715E+00
 -0.8008123498E-01  0.1937245583E+00
  0.0000000000E+00  0.1607557701E+00
 CONTINUED FRACTION COEFFICIENTS A(I),B2(I),I=1, 22
 -0.3238666100E+00  0.1000000000E+01
 -0.7294520702E-01  0.5146092698E-01
  0.7363867183E-01  0.1289710322E+00
 -0.8144182145E-01  0.1174877927E+00
  0.4704187682E-01  0.1297139254E+00
 -0.4445006188E-01  0.1333756331E+00
 -0.8235193696E-01  0.1722257477E+00
 -0.6901499642E-01  0.1639703897E+00
 -0.5734504604E-01  0.1763256573E+00
 -0.1014169127E+00  0.1697562953E+00
 -0.2802914698E-01  0.1603461979E+00
 -0.1051389828E+00  0.1846366467E+00
 -0.9001165798E-01  0.1766361801E+00
 -0.6425350358E-01  0.1591973158E+00
 -0.6055821277E-01  0.1931344787E+00
 -0.1134946611E+00  0.1634962402E+00
 -0.6351288076E-01  0.1819958938E+00
 -0.8272050354E-01  0.1773708928E+00
 -0.7196671804E-01  0.1707143296E+00
 -0.9506920931E-01  0.1821151809E+00
 -0.7363470319E-01  0.1751834720E+00
  0.0000000000E+00  0.1776302456E+00
 CONTINUED FRACTION COEFFICIENTS A(I),B2(I),I=1, 22
 -0.2937981841E+00  0.1000000000E+01
 -0.8323437503E-01  0.6027334924E-01
  0.8438621782E-01  0.1114148913E+00
 -0.4545492774E-01  0.1346403681E+00
  0.5670228587E-01  0.1501540874E+00
 -0.7875880786E-01  0.1239815087E+00
 -0.7006600326E-01  0.1769473504E+00
 -0.5326231345E-01  0.1573171522E+00
 -0.6657463563E-01  0.1866143293E+00
 -0.1038767295E+00  0.1637642955E+00
 -0.3560908969E-01  0.1628568979E+00
 -0.8920950821E-01  0.1804429615E+00
 -0.9771560193E-01  0.1813176133E+00
 -0.5503244128E-01  0.1614911280E+00
 -0.8174475919E-01  0.1870994116E+00
 -0.8814687272E-01  0.1650470896E+00
 -0.7499346530E-01  0.1858917518E+00
 -0.8698488511E-01  0.1744310675E+00
 -0.6221748416E-01  0.1715070343E+00
 -0.1047623853E+00  0.1803988626E+00
 -0.6230063063E-01  0.1776681026E+00
  0.0000000000E+00  0.1783799764E+00
 CONTINUED FRACTION COEFFICIENTS A(I),B2(I),I=1, 22
 -0.2875090344E+00  0.1000000000E+01
 -0.1242073584E+00  0.4448392102E-01
  0.1095504677E+00  0.1492036143E+00
 -0.6665496231E-01  0.1084040375E+00
 -0.8781911224E-03  0.1194159114E+00
 -0.1033499374E-01  0.1339637128E+00
 -0.8241690035E-01  0.1594883128E+00
 -0.1135116676E+00  0.1733813932E+00
 -0.2688767864E-01  0.1659086125E+00
 -0.1102503776E+00  0.1724968602E+00
 -0.4042325898E-01  0.1566015216E+00
 -0.7429132930E-01  0.1896180424E+00
 -0.1388565066E+00  0.1743490854E+00
 -0.3333546623E-01  0.1527636371E+00
 -0.5491151816E-01  0.2018051869E+00
 -0.1512913687E+00  0.1583413216E+00
 -0.3666419540E-01  0.1749238734E+00
 -0.8338047571E-01  0.1899343877E+00
 -0.8876236993E-01  0.1614787557E+00
 -0.7621303218E-01  0.1825861957E+00
 -0.9109429012E-01  0.1811939992E+00
  0.0000000000E+00  0.1700368256E+00
 CONTINUED FRACTION COEFFICIENTS A(I),B2(I),I=1, 22
 -0.2495141831E+00  0.1000000000E+01
 -0.1108192936E+00  0.5929281287E-01
  0.1264453864E+00  0.1294524067E+00
 -0.4846063720E-01  0.1332448505E+00
 -0.2118488109E-01  0.1203735471E+00
 -0.1082307461E-01  0.1448550425E+00
 -0.7555193660E-01  0.1783915713E+00
 -0.9217377128E-01  0.1498246895E+00
 -0.4615357585E-01  0.1871086705E+00
 -0.8965406747E-01  0.1614821963E+00
 -0.5952110919E-01  0.1744751186E+00
 -0.7046146934E-01  0.1677399081E+00
 -0.1137576077E+00  0.1859806347E+00
 -0.4684164908E-01  0.1635834344E+00
 -0.7144561130E-01  0.1815869687E+00
 -0.1128534230E+00  0.1728596700E+00
 -0.5354220469E-01  0.1746243279E+00
 -0.9547180217E-01  0.1824217675E+00
 -0.6553611349E-01  0.1715883097E+00
 -0.9293249392E-01  0.1731729055E+00
 -0.8318911758E-01  0.1873477769E+00
  0.0000000000E+00  0.1695372498E+00
 CONTINUED FRACTION COEFFICIENTS A(I),B2(I),I=1, 22
 -0.2352986080E+00  0.1000000000E+01
 -0.1259534570E+00  0.4949985424E-01
  0.1086288070E+00  0.1446865634E+00
 -0.1010149596E-01  0.1284185052E+00
 -0.3348110170E-01  0.1168132080E+00
 -0.1627789831E-01  0.1431892771E+00
 -0.4767461128E-01  0.1711875668E+00
 -0.1221346342E+00  0.1635413463E+00
 -0.3263421160E-01  0.1756756464E+00
 -0.9176228062E-01  0.1625859590E+00
 -0.5354111787E-01  0.1733546096E+00
 -0.7590267365E-01  0.1765021919E+00
 -0.1222378181E+00  0.1739436677E+00
 -0.3736747514E-01  0.1666422656E+00
 -0.6324426232E-01  0.1886754581E+00
 -0.1383730513E+00  0.1630609050E+00
 -0.3812399147E-01  0.1787345989E+00
 -0.8750351901E-01  0.1816981406E+00
 -0.8529528312E-01  0.1713307575E+00
 -0.7862833105E-01  0.1748078671E+00
 -0.8934854983E-01  0.1826145323E+00
  0.0000000000E+00  0.1756635597E+00
