   -0.532272   0.387388   0.427142  -0.000000
    0.596878   0.398099   0.118621  -0.000000
   -0.325510   0.150814   0.010942  -0.000000
   -0.532271   0.387388   0.427142  -0.000000
    0.596878   0.398099   0.118621  -0.000000
   -0.325508   0.150814   0.010942  -0.000000
   -0.532272   0.387388   0.427142  -0.000000
    0.596878   0.398099   0.118621  -0.000000
   -0.325510   0.150814   0.010942  -0.000000
   -0.532271   0.387388   0.427142  -0.000000
    0.596878   0.398099   0.118621  -0.000000
   -0.325508   0.150814   0.010942  -0.000000
   -0.532272   0.387388   0.427142  -0.000000
    0.596878   0.398099   0.118621  -0.000000
   -0.325510   0.150814   0.010942  -0.000000
   -0.532271   0.387388   0.427142  -0.000000
    0.596878   0.398099   0.118621  -0.000000
   -0.325508   0.150814   0.010942  -0.000000
