 CONTINUED FRACTION COEFFICIENTS A(I),B2(I),I=1, 22
  0.3139930523E-01  0.1000000000E+01
 -0.1622718065E+00  0.1753282514E+00
  0.2838971671E-01  0.7204002419E-01
 -0.1103702366E+00  0.1824185371E+00
  0.2570897457E-01  0.1197645490E+00
 -0.4252499359E-01  0.1326232051E+00
 -0.5479006550E-01  0.1551687952E+00
  0.2809080256E-01  0.1278478375E+00
 -0.6778544567E-01  0.1482533277E+00
 -0.1119722355E-01  0.1324172480E+00
 -0.1224154317E-01  0.1548122891E+00
 -0.4008760981E-01  0.1250493686E+00
 -0.1425082531E-01  0.1557273695E+00
 -0.1774033982E-01  0.1383930743E+00
 -0.2930225846E-01  0.1325026490E+00
 -0.1926552189E-01  0.1608569812E+00
 -0.1701452764E-01  0.1236865406E+00
 -0.2524266800E-01  0.1540818624E+00
 -0.2538068356E-01  0.1413406677E+00
 -0.6177208836E-02  0.1338372662E+00
 -0.3995310551E-01  0.1541120591E+00
  0.0000000000E+00  0.1338625603E+00
 CONTINUED FRACTION COEFFICIENTS A(I),B2(I),I=1, 22
  0.3614848065E+00  0.1000000000E+01
 -0.6394054285E-01  0.1103667059E+00
  0.9309782249E-01  0.9365436713E-01
 -0.2655527944E-01  0.1330069417E+00
 -0.1300426527E-01  0.1451752517E+00
  0.1350083362E-01  0.1212789997E+00
 -0.4355078360E-01  0.1573874970E+00
  0.1596197014E-01  0.1261012893E+00
 -0.5301336040E-01  0.1449265447E+00
  0.8183128337E-02  0.1397906714E+00
 -0.3045554206E-01  0.1373627007E+00
 -0.1520864843E-01  0.1460937133E+00
 -0.1239424072E-01  0.1384060293E+00
 -0.2696627770E-01  0.1443994558E+00
 -0.1428051653E-01  0.1376703242E+00
 -0.1803381020E-01  0.1473558072E+00
 -0.2217781710E-01  0.1370306437E+00
 -0.1561485226E-01  0.1454840274E+00
 -0.1631778929E-01  0.1419483099E+00
 -0.2667050372E-01  0.1412048990E+00
 -0.1181571775E-01  0.1432084339E+00
  0.0000000000E+00  0.1406248381E+00
 CONTINUED FRACTION COEFFICIENTS A(I),B2(I),I=1, 22
  0.3662413065E+00  0.1000000000E+01
 -0.6479468579E-01  0.1103667059E+00
  0.9543746396E-01  0.9423610943E-01
 -0.2326558559E-01  0.1335566621E+00
 -0.1383290425E-01  0.1456694020E+00
  0.1638081730E-01  0.1221872521E+00
 -0.4284343403E-01  0.1569312935E+00
  0.1723468238E-01  0.1275220113E+00
 -0.5229476829E-01  0.1445946210E+00
  0.9097150116E-02  0.1401810955E+00
 -0.2943007491E-01  0.1380161237E+00
 -0.1544466786E-01  0.1459326290E+00
 -0.1149361487E-01  0.1386588958E+00
 -0.2771135730E-01  0.1443680010E+00
 -0.1287828515E-01  0.1378891735E+00
 -0.1953016978E-01  0.1472049177E+00
 -0.2221629395E-01  0.1367674793E+00
 -0.1454761923E-01  0.1457771242E+00
 -0.1798073020E-01  0.1417351994E+00
 -0.2600330882E-01  0.1410066259E+00
 -0.1153218220E-01  0.1435256268E+00
  0.0000000000E+00  0.1404020812E+00
 CONTINUED FRACTION COEFFICIENTS A(I),B2(I),I=1, 22
  0.3709978066E+00  0.1000000000E+01
 -0.6582206763E-01  0.1103214573E+00
  0.9751967527E-01  0.9475307004E-01
 -0.2027593742E-01  0.1340403952E+00
 -0.1509372384E-01  0.1459889628E+00
  0.1859713536E-01  0.1229229133E+00
 -0.4230907936E-01  0.1563313987E+00
  0.1755176937E-01  0.1287189137E+00
 -0.5216238525E-01  0.1440453572E+00
  0.9457361628E-02  0.1402496636E+00
 -0.2915009778E-01  0.1385398595E+00
 -0.1600863171E-01  0.1454845737E+00
 -0.1092496055E-01  0.1388139478E+00
 -0.2853363532E-01  0.1442908076E+00
 -0.1193051448E-01  0.1379717900E+00
 -0.2081732115E-01  0.1470195617E+00
 -0.2224918424E-01  0.1365498267E+00
 -0.1336307309E-01  0.1461007498E+00
 -0.1946746220E-01  0.1415544166E+00
 -0.2515958364E-01  0.1409128044E+00
 -0.1123170901E-01  0.1438482534E+00
  0.0000000000E+00  0.1401928703E+00
 CONTINUED FRACTION COEFFICIENTS A(I),B2(I),I=1, 22
 -0.2304172380E+00  0.1000000000E+01
  0.7174109183E-01  0.2214135676E-01
  0.9641245853E-01  0.1189582156E+00
  0.5281087402E-01  0.7117183331E-01
 -0.4184355650E-03  0.1223460439E+00
  0.3139843407E-02  0.1188149079E+00
 -0.2034907898E-01  0.1415114083E+00
  0.1127316201E-01  0.1230042473E+00
 -0.2828009921E-01  0.1346975426E+00
 -0.8754679003E-02  0.1430895431E+00
 -0.1591375361E-01  0.1279349308E+00
 -0.1240277416E-01  0.1469818786E+00
 -0.3045999263E-01  0.1293650094E+00
  0.4046865639E-02  0.1478944512E+00
 -0.3549872932E-01  0.1357672671E+00
 -0.9732068023E-02  0.1384314922E+00
 -0.1513299294E-01  0.1434588199E+00
 -0.2741441221E-01  0.1413445236E+00
 -0.1634451337E-02  0.1361654856E+00
 -0.4147749776E-01  0.1466895604E+00
  0.8991820585E-02  0.1379809116E+00
  0.0000000000E+00  0.1424734183E+00
 CONTINUED FRACTION COEFFICIENTS A(I),B2(I),I=1, 22
 -0.2242567568E+00  0.1000000000E+01
  0.6748672753E-01  0.2592380568E-01
  0.9854699934E-01  0.1013945529E+00
  0.7364396706E-01  0.8204177688E-01
 -0.2121623601E-01  0.1242328940E+00
  0.3007395158E-01  0.1112493337E+00
 -0.3382113656E-01  0.1487464995E+00
  0.1920347258E-01  0.1217726051E+00
 -0.2600884642E-01  0.1345821707E+00
 -0.6499062316E-02  0.1463518370E+00
 -0.1706482675E-01  0.1233220221E+00
 -0.9917629917E-02  0.1557837439E+00
 -0.1736358274E-01  0.1238268296E+00
 -0.1615022626E-01  0.1516312625E+00
 -0.1504326763E-01  0.1356409618E+00
 -0.1480317477E-01  0.1391362642E+00
 -0.1870310442E-01  0.1438376322E+00
 -0.2421474090E-01  0.1395324098E+00
  0.2891882127E-02  0.1407290078E+00
 -0.4664230620E-01  0.1410659800E+00
  0.6445895148E-02  0.1423720613E+00
  0.0000000000E+00  0.1402293790E+00
 CONTINUED FRACTION COEFFICIENTS A(I),B2(I),I=1, 22
 -0.2304187190E+00  0.1000000000E+01
  0.7176569745E-01  0.1834202428E-01
  0.9979713639E-01  0.1437862895E+00
  0.1306717314E-01  0.5460873874E-01
  0.5776039363E-01  0.1308280907E+00
 -0.6228064504E-01  0.1264943251E+00
  0.1429303062E-01  0.1226280191E+00
  0.1733283013E-01  0.1422913526E+00
 -0.7111642549E-01  0.1211251682E+00
  0.4102325581E-01  0.1454242869E+00
 -0.4559278655E-01  0.1373910161E+00
 -0.1828719321E-01  0.1266955381E+00
 -0.3266027285E-02  0.1489258579E+00
 -0.2566326833E-01  0.1384200557E+00
 -0.1927850389E-01  0.1329206084E+00
 -0.1630502618E-01  0.1463880649E+00
 -0.1748276529E-01  0.1365952926E+00
 -0.1958856530E-01  0.1443788601E+00
 -0.2086182957E-01  0.1336349487E+00
 -0.2086513572E-01  0.1485796151E+00
 -0.6400215799E-02  0.1371780365E+00
  0.0000000000E+00  0.1401371223E+00
 CONTINUED FRACTION COEFFICIENTS A(I),B2(I),I=1, 22
 -0.2201507567E+00  0.1000000000E+01
  0.6587739133E-01  0.2591537607E-01
  0.1004597194E+00  0.1026425427E+00
  0.7773012227E-01  0.8269584821E-01
 -0.2354147157E-01  0.1226897430E+00
  0.3133754832E-01  0.1128356059E+00
 -0.3285929750E-01  0.1474281339E+00
  0.1717609895E-01  0.1225506750E+00
 -0.2445332271E-01  0.1344582977E+00
 -0.7297700992E-02  0.1456245050E+00
 -0.1855286767E-01  0.1241908423E+00
 -0.9274746147E-02  0.1544071612E+00
 -0.1917077203E-01  0.1239681743E+00
 -0.1654349473E-01  0.1517062382E+00
 -0.1453617706E-01  0.1346248177E+00
 -0.1752904378E-01  0.1397850948E+00
 -0.1668265940E-01  0.1431516643E+00
 -0.2639052993E-01  0.1392454191E+00
  0.2732924209E-02  0.1412361319E+00
 -0.4503600395E-01  0.1401893637E+00
  0.3670230882E-02  0.1429694257E+00
  0.0000000000E+00  0.1402500702E+00
 CONTINUED FRACTION COEFFICIENTS A(I),B2(I),I=1, 22
 -0.2222052378E+00  0.1000000000E+01
  0.6859913011E-01  0.2212449753E-01
  0.9799009916E-01  0.1201466901E+00
  0.6157138356E-01  0.7228373946E-01
 -0.4072908434E-03  0.1219582437E+00
  0.6025547178E-02  0.1210574397E+00
 -0.1609062230E-01  0.1411311091E+00
  0.1087415589E-01  0.1248688650E+00
 -0.2345719655E-01  0.1350771149E+00
 -0.8906212439E-02  0.1432763145E+00
 -0.1362319037E-01  0.1296977573E+00
 -0.1101557707E-01  0.1463354207E+00
 -0.2914683511E-01  0.1301240206E+00
  0.4040214021E-02  0.1490844136E+00
 -0.3387686249E-01  0.1344442560E+00
 -0.1091129917E-01  0.1400175122E+00
 -0.1279266671E-01  0.1429605482E+00
 -0.2991113998E-01  0.1408889995E+00
 -0.2830404197E-03  0.1373298766E+00
 -0.4142370432E-01  0.1449392629E+00
  0.7009785487E-02  0.1395619924E+00
  0.0000000000E+00  0.1412052046E+00
