  ATOM :  1
  BAND    OCCUP.               OCCUP/SIMMET.
    1     0.3469458    0.3469458
    2     0.3729958    0.1263434  0.1243310  0.1223213
    3     3.2199785    0.6613839  0.6370491  0.6625711  0.6249904  0.6339840
    4     0.3469458    0.3469458
    5     0.3729958    0.1223213  0.1243310  0.1263434
    6     3.2199785    0.6339840  0.6249904  0.6625711  0.6370491  0.6613839
  ***** MAG.MOM./BAND        MAG.MOM./BAND/SIMMETRY.
          0.0000000    0.0000000
          0.0000000    0.0040221  0.0000000 -0.0040221
          0.0000000    0.0273999  0.0120587  0.0000000 -0.0120587 -0.0273999
        TOT.MAG.MOM.
          0.0000000
 -0.4022126177E-02 -0.6685846720E-01
  0.4022126177E-02  0.6685846720E-01
        TOT.ORB.MOM.
  0.000000E+00
 -0.7088059338E-01  0.7088059338E-01
 
