   -0.376835   0.394738   0.426322  -0.000000
    0.517909   0.382210   0.113366  -0.000000
   -0.252728   0.103266   0.000091  -0.000000
   -0.376835   0.394738   0.426322  -0.000000
    0.517909   0.382210   0.113366  -0.000000
   -0.252728   0.103266   0.000091  -0.000000
   -0.376835   0.394738   0.426322  -0.000000
    0.517909   0.382210   0.113366  -0.000000
   -0.252728   0.103266   0.000091  -0.000000
   -0.376835   0.394738   0.426322  -0.000000
    0.517909   0.382210   0.113366  -0.000000
   -0.252728   0.103266   0.000091  -0.000000
   -0.376835   0.394738   0.426322  -0.000000
    0.517909   0.382210   0.113366  -0.000000
   -0.252728   0.103266   0.000091  -0.000000
   -0.376835   0.394738   0.426322  -0.000000
    0.517909   0.382210   0.113366  -0.000000
   -0.252728   0.103266   0.000091  -0.000000
