   < Fe >  26.0       2.835832     2 2 0  T T     279  0.030
     18.0   8.0       0.000001      -0.734265       0.000000
   -1488.261803      -2.611128       0.000000       3.270000
    2573.904190   -5007.872555    -107.961808   -2541.930172
--------- END OF GENERAL DATA ----------
    4.67386362    0.34675419    0.00000000    0.00486554    0
    4.41692776    0.37868095    0.00000000    0.00421648    0
    3.80009654    3.27456525    0.00000000    0.01585240    0
    4.67386362    0.34675419    0.00000000    0.00486554    0
    4.41692776    0.37868095    0.00000000    0.00421648    0
    3.80009653    3.27456525    0.00000000    0.01585242    0
--------- END OF START DATA ------------
   -0.50651958   -0.37683486    0.39473780    0.42632208    4.07762099
   -0.35554811    0.51790857    0.38220957    0.11336605    5.51663508
   -0.30394469   -0.25272761    0.10326627    0.00009071    0.65306860
   -0.50651958   -0.37683486    0.39473780    0.42632208    4.07762099
   -0.35554812    0.51790856    0.38220957    0.11336605    5.51663509
   -0.30394469   -0.25272761    0.10326627    0.00009071    0.65306860
--------- END OF POT PARAMETERS --------
